ecaf7a2d079942b8e1e523d22a3b2af07833cb1baf42a2a8419d5549cbedb5ee 4 4 20674 10802
a27bcedb4f78a3b85e7ab2b2daae18742de5f58ec4d4c7dabff5b12bb955afb5 7 0 0 0
d0794f5034385853e16b83c5e88ec8079731288543a145c850876ebeba001c5e 1 1 8836 0
69cadf791e1fe8dbc0e279a546b643e8b4c259675982966403f9a861b379c7f6 4 3 212 28
6ebc1264f2206cbfe2de5aac3b032c02c83856ae86ee3d5ae52177c9f7a99934 16 16 62985 3190
e5bb40dcd7c8d8f5a16cc2cfbc2fca2f8779e2b4575209424e6320703e4e2f65 111 0 0 0
a49bbcd1f79efa69dd306225cb1eb6c0601962601f5efe2b51b72333b6360d3e 15 15 1278 467
3d43816b67083370bbe6747bca9e5705c38cd6a8773e91cea7608f18ff29fe14 25 25 4841 253
9d6ead1d91784360f45739cacd8467a587aa06b56c14a0bf6658da2b807d08e9 118 13 4574 2007
0cf75386c03fd742bee7255e9760aea7b668b60d698f2ad8683d398826408e7c 53 0 0 0
780b8843721a293e688f928e73cfa26c306fe57e7c86ef27b009b57466f7d1c4 2160 0 0 0
